1000 # number of nodes, 20 nodes @ den=0.75
0	1 2 3 4 5 6 8 10 11 12 13 14 15 16 17 18 998
1	0 2 4 5 6 7 8 9 10 14 15 16 18 19 999
2	0 1 3 4 5 6 7 8 9 10 11 12 13 14 17 18 19 
3	0 2 4 5 6 7 8 9 10 11 12 13 14 15 16 17 18 19 
4	0 1 2 3 5 6 7 8 9 10 11 13 14 15 16 18 19 
5	0 1 2 3 4 6 7 8 9 10 12 13 14 15 16 17 18 19 
6	0 1 2 3 4 5 7 9 11 12 14 15 17 18
7	1 2 3 4 5 6 8 11 12 13 15 16 17 18  
8	0 1 2 3 4 5 7 9 10 11 12 13 14 17 18 19 
9	1 2 3 4 5 6 8 10 11 14 15 18 19 
10	0 1 2 3 4 5 8 9 11 12 13 14 15 17 
11	0 2 3 4 6 7 8 9 10 14 15 16 18 19 
12	0 2 3 5 6 7 8 10 13 14 17 18 
13	0 2 3 4 5 7 8 10 12 14 15 16 19 
14	0 1 2 3 4 5 6 8 9 10 11 12 13 15 18 19 
15	0 1 3 4 5 6 7 9 10 11 13 14 16 
16	0 1 3 4 5 7 11 13 15 17 18
17	0 2 3 5 6 7 8 10 12 16 19
18	0 1 2 3 4 5 6 7 8 9 11 12 14 16 20
19	1 2 3 4 5 8 9 11 13 14 17 21
20	18 22 
21	19 23 
22	20 24 
23	21 25 
24	22 26 
25	23 27 
26	24 28 
27	25 29 
28	26 30 
29	27 31 
30	28 32 
31	29 33 
32	30 34 
33	31 35 
34	32 36 
35	33 37 
36	34 38 
37	35 39 
38	36 40 
39	37 41 
40	38 42 
41	39 43 
42	40 44 
43	41 45 
44	42 46 
45	43 47 
46	44 48 
47	45 49 
48	46 50 
49	47 51 
50	48 52 
51	49 53 
52	50 54 
53	51 55 
54	52 56 
55	53 57 
56	54 58 
57	55 59 
58	56 60 
59	57 61 
60	58 62 
61	59 63 
62	60 64 
63	61 65 
64	62 66 
65	63 67 
66	64 68 
67	65 69 
68	66 70 
69	67 71 
70	68 72 
71	69 73 
72	70 74 
73	71 75 
74	72 76 
75	73 77 
76	74 78 
77	75 79 
78	76 80 
79	77 81 
80	78 82 
81	79 83 
82	80 84 
83	81 85 
84	82 86 
85	83 87 
86	84 88 
87	85 89 
88	86 90 
89	87 91 
90	88 92 
91	89 93 
92	90 94 
93	91 95 
94	92 96 
95	93 97 
96	94 98 
97	95 99 
98	96 100 
99	97 101 
100	98 102 
101	99 103 
102	100 104 
103	101 105 
104	102 106 
105	103 107 
106	104 108 
107	105 109 
108	106 110 
109	107 111 
110	108 112 
111	109 113 
112	110 114 
113	111 115 
114	112 116 
115	113 117 
116	114 118 
117	115 119 
118	116 120 
119	117 121 
120	118 122 
121	119 123 
122	120 124 
123	121 125 
124	122 126 
125	123 127 
126	124 128 
127	125 129 
128	126 130 
129	127 131 
130	128 132 
131	129 133 
132	130 134 
133	131 135 
134	132 136 
135	133 137 
136	134 138 
137	135 139 
138	136 140 
139	137 141 
140	138 142 
141	139 143 
142	140 144 
143	141 145 
144	142 146 
145	143 147 
146	144 148 
147	145 149 
148	146 150 
149	147 151 
150	148 152 
151	149 153 
152	150 154 
153	151 155 
154	152 156 
155	153 157 
156	154 158 
157	155 159 
158	156 160 
159	157 161 
160	158 162 
161	159 163 
162	160 164 
163	161 165 
164	162 166 
165	163 167 
166	164 168 
167	165 169 
168	166 170 
169	167 171 
170	168 172 
171	169 173 
172	170 174 
173	171 175 
174	172 176 
175	173 177 
176	174 178 
177	175 179 
178	176 180 
179	177 181 
180	178 182 
181	179 183 
182	180 184 
183	181 185 
184	182 186 
185	183 187 
186	184 188 
187	185 189 
188	186 190 
189	187 191 
190	188 192 
191	189 193 
192	190 194 
193	191 195 
194	192 196 
195	193 197 
196	194 198 
197	195 199 
198	196 200 
199	197 201 
200	198 202 
201	199 203 
202	200 204 
203	201 205 
204	202 206 
205	203 207 
206	204 208 
207	205 209 
208	206 210 
209	207 211 
210	208 212 
211	209 213 
212	210 214 
213	211 215 
214	212 216 
215	213 217 
216	214 218 
217	215 219 
218	216 220 
219	217 221 
220	218 222 
221	219 223 
222	220 224 
223	221 225 
224	222 226 
225	223 227 
226	224 228 
227	225 229 
228	226 230 
229	227 231 
230	228 232 
231	229 233 
232	230 234 
233	231 235 
234	232 236 
235	233 237 
236	234 238 
237	235 239 
238	236 240 
239	237 241 
240	238 242 
241	239 243 
242	240 244 
243	241 245 
244	242 246 
245	243 247 
246	244 248 
247	245 249 
248	246 250 
249	247 251 
250	248 252 
251	249 253 
252	250 254 
253	251 255 
254	252 256 
255	253 257 
256	254 258 
257	255 259 
258	256 260 
259	257 261 
260	258 262 
261	259 263 
262	260 264 
263	261 265 
264	262 266 
265	263 267 
266	264 268 
267	265 269 
268	266 270 
269	267 271 
270	268 272 
271	269 273 
272	270 274 
273	271 275 
274	272 276 
275	273 277 
276	274 278 
277	275 279 
278	276 280 
279	277 281 
280	278 282 
281	279 283 
282	280 284 
283	281 285 
284	282 286 
285	283 287 
286	284 288 
287	285 289 
288	286 290 
289	287 291 
290	288 292 
291	289 293 
292	290 294 
293	291 295 
294	292 296 
295	293 297 
296	294 298 
297	295 299 
298	296 300 
299	297 301 
300	298 302 
301	299 303 
302	300 304 
303	301 305 
304	302 306 
305	303 307 
306	304 308 
307	305 309 
308	306 310 
309	307 311 
310	308 312 
311	309 313 
312	310 314 
313	311 315 
314	312 316 
315	313 317 
316	314 318 
317	315 319 
318	316 320 
319	317 321 
320	318 322 
321	319 323 
322	320 324 
323	321 325 
324	322 326 
325	323 327 
326	324 328 
327	325 329 
328	326 330 
329	327 331 
330	328 332 
331	329 333 
332	330 334 
333	331 335 
334	332 336 
335	333 337 
336	334 338 
337	335 339 
338	336 340 
339	337 341 
340	338 342 
341	339 343 
342	340 344 
343	341 345 
344	342 346 
345	343 347 
346	344 348 
347	345 349 
348	346 350 
349	347 351 
350	348 352 
351	349 353 
352	350 354 
353	351 355 
354	352 356 
355	353 357 
356	354 358 
357	355 359 
358	356 360 
359	357 361 
360	358 362 
361	359 363 
362	360 364 
363	361 365 
364	362 366 
365	363 367 
366	364 368 
367	365 369 
368	366 370 
369	367 371 
370	368 372 
371	369 373 
372	370 374 
373	371 375 
374	372 376 
375	373 377 
376	374 378 
377	375 379 
378	376 380 
379	377 381 
380	378 382 
381	379 383 
382	380 384 
383	381 385 
384	382 386 
385	383 387 
386	384 388 
387	385 389 
388	386 390 
389	387 391 
390	388 392 
391	389 393 
392	390 394 
393	391 395 
394	392 396 
395	393 397 
396	394 398 
397	395 399 
398	396 400 
399	397 401 
400	398 402 
401	399 403 
402	400 404 
403	401 405 
404	402 406 
405	403 407 
406	404 408 
407	405 409 
408	406 410 
409	407 411 
410	408 412 
411	409 413 
412	410 414 
413	411 415 
414	412 416 
415	413 417 
416	414 418 
417	415 419 
418	416 420 
419	417 421 
420	418 422 
421	419 423 
422	420 424 
423	421 425 
424	422 426 
425	423 427 
426	424 428 
427	425 429 
428	426 430 
429	427 431 
430	428 432 
431	429 433 
432	430 434 
433	431 435 
434	432 436 
435	433 437 
436	434 438 
437	435 439 
438	436 440 
439	437 441 
440	438 442 
441	439 443 
442	440 444 
443	441 445 
444	442 446 
445	443 447 
446	444 448 
447	445 449 
448	446 450 
449	447 451 
450	448 452 
451	449 453 
452	450 454 
453	451 455 
454	452 456 
455	453 457 
456	454 458 
457	455 459 
458	456 460 
459	457 461 
460	458 462 
461	459 463 
462	460 464 
463	461 465 
464	462 466 
465	463 467 
466	464 468 
467	465 469 
468	466 470 
469	467 471 
470	468 472 
471	469 473 
472	470 474 
473	471 475 
474	472 476 
475	473 477 
476	474 478 
477	475 479 
478	476 480 
479	477 481 
480	478 482 
481	479 483 
482	480 484 
483	481 485 
484	482 486 
485	483 487 
486	484 488 
487	485 489 
488	486 490 
489	487 491 
490	488 492 
491	489 493 
492	490 494 
493	491 495 
494	492 496 
495	493 497 
496	494 498 
497	495 499 
498	496 500 
499	497 501 
500	498 502 
501	499 503 
502	500 504 
503	501 505 
504	502 506 
505	503 507 
506	504 508 
507	505 509 
508	506 510 
509	507 511 
510	508 512 
511	509 513 
512	510 514 
513	511 515 
514	512 516 
515	513 517 
516	514 518 
517	515 519 
518	516 520 
519	517 521 
520	518 522 
521	519 523 
522	520 524 
523	521 525 
524	522 526 
525	523 527 
526	524 528 
527	525 529 
528	526 530 
529	527 531 
530	528 532 
531	529 533 
532	530 534 
533	531 535 
534	532 536 
535	533 537 
536	534 538 
537	535 539 
538	536 540 
539	537 541 
540	538 542 
541	539 543 
542	540 544 
543	541 545 
544	542 546 
545	543 547 
546	544 548 
547	545 549 
548	546 550 
549	547 551 
550	548 552 
551	549 553 
552	550 554 
553	551 555 
554	552 556 
555	553 557 
556	554 558 
557	555 559 
558	556 560 
559	557 561 
560	558 562 
561	559 563 
562	560 564 
563	561 565 
564	562 566 
565	563 567 
566	564 568 
567	565 569 
568	566 570 
569	567 571 
570	568 572 
571	569 573 
572	570 574 
573	571 575 
574	572 576 
575	573 577 
576	574 578 
577	575 579 
578	576 580 
579	577 581 
580	578 582 
581	579 583 
582	580 584 
583	581 585 
584	582 586 
585	583 587 
586	584 588 
587	585 589 
588	586 590 
589	587 591 
590	588 592 
591	589 593 
592	590 594 
593	591 595 
594	592 596 
595	593 597 
596	594 598 
597	595 599 
598	596 600 
599	597 601 
600	598 602 
601	599 603 
602	600 604 
603	601 605 
604	602 606 
605	603 607 
606	604 608 
607	605 609 
608	606 610 
609	607 611 
610	608 612 
611	609 613 
612	610 614 
613	611 615 
614	612 616 
615	613 617 
616	614 618 
617	615 619 
618	616 620 
619	617 621 
620	618 622 
621	619 623 
622	620 624 
623	621 625 
624	622 626 
625	623 627 
626	624 628 
627	625 629 
628	626 630 
629	627 631 
630	628 632 
631	629 633 
632	630 634 
633	631 635 
634	632 636 
635	633 637 
636	634 638 
637	635 639 
638	636 640 
639	637 641 
640	638 642 
641	639 643 
642	640 644 
643	641 645 
644	642 646 
645	643 647 
646	644 648 
647	645 649 
648	646 650 
649	647 651 
650	648 652 
651	649 653 
652	650 654 
653	651 655 
654	652 656 
655	653 657 
656	654 658 
657	655 659 
658	656 660 
659	657 661 
660	658 662 
661	659 663 
662	660 664 
663	661 665 
664	662 666 
665	663 667 
666	664 668 
667	665 669 
668	666 670 
669	667 671 
670	668 672 
671	669 673 
672	670 674 
673	671 675 
674	672 676 
675	673 677 
676	674 678 
677	675 679 
678	676 680 
679	677 681 
680	678 682 
681	679 683 
682	680 684 
683	681 685 
684	682 686 
685	683 687 
686	684 688 
687	685 689 
688	686 690 
689	687 691 
690	688 692 
691	689 693 
692	690 694 
693	691 695 
694	692 696 
695	693 697 
696	694 698 
697	695 699 
698	696 700 
699	697 701 
700	698 702 
701	699 703 
702	700 704 
703	701 705 
704	702 706 
705	703 707 
706	704 708 
707	705 709 
708	706 710 
709	707 711 
710	708 712 
711	709 713 
712	710 714 
713	711 715 
714	712 716 
715	713 717 
716	714 718 
717	715 719 
718	716 720 
719	717 721 
720	718 722 
721	719 723 
722	720 724 
723	721 725 
724	722 726 
725	723 727 
726	724 728 
727	725 729 
728	726 730 
729	727 731 
730	728 732 
731	729 733 
732	730 734 
733	731 735 
734	732 736 
735	733 737 
736	734 738 
737	735 739 
738	736 740 
739	737 741 
740	738 742 
741	739 743 
742	740 744 
743	741 745 
744	742 746 
745	743 747 
746	744 748 
747	745 749 
748	746 750 
749	747 751 
750	748 752 
751	749 753 
752	750 754 
753	751 755 
754	752 756 
755	753 757 
756	754 758 
757	755 759 
758	756 760 
759	757 761 
760	758 762 
761	759 763 
762	760 764 
763	761 765 
764	762 766 
765	763 767 
766	764 768 
767	765 769 
768	766 770 
769	767 771 
770	768 772 
771	769 773 
772	770 774 
773	771 775 
774	772 776 
775	773 777 
776	774 778 
777	775 779 
778	776 780 
779	777 781 
780	778 782 
781	779 783 
782	780 784 
783	781 785 
784	782 786 
785	783 787 
786	784 788 
787	785 789 
788	786 790 
789	787 791 
790	788 792 
791	789 793 
792	790 794 
793	791 795 
794	792 796 
795	793 797 
796	794 798 
797	795 799 
798	796 800 
799	797 801 
800	798 802 
801	799 803 
802	800 804 
803	801 805 
804	802 806 
805	803 807 
806	804 808 
807	805 809 
808	806 810 
809	807 811 
810	808 812 
811	809 813 
812	810 814 
813	811 815 
814	812 816 
815	813 817 
816	814 818 
817	815 819 
818	816 820 
819	817 821 
820	818 822 
821	819 823 
822	820 824 
823	821 825 
824	822 826 
825	823 827 
826	824 828 
827	825 829 
828	826 830 
829	827 831 
830	828 832 
831	829 833 
832	830 834 
833	831 835 
834	832 836 
835	833 837 
836	834 838 
837	835 839 
838	836 840 
839	837 841 
840	838 842 
841	839 843 
842	840 844 
843	841 845 
844	842 846 
845	843 847 
846	844 848 
847	845 849 
848	846 850 
849	847 851 
850	848 852 
851	849 853 
852	850 854 
853	851 855 
854	852 856 
855	853 857 
856	854 858 
857	855 859 
858	856 860 
859	857 861 
860	858 862 
861	859 863 
862	860 864 
863	861 865 
864	862 866 
865	863 867 
866	864 868 
867	865 869 
868	866 870 
869	867 871 
870	868 872 
871	869 873 
872	870 874 
873	871 875 
874	872 876 
875	873 877 
876	874 878 
877	875 879 
878	876 880 
879	877 881 
880	878 882 
881	879 883 
882	880 884 
883	881 885 
884	882 886 
885	883 887 
886	884 888 
887	885 889 
888	886 890 
889	887 891 
890	888 892 
891	889 893 
892	890 894 
893	891 895 
894	892 896 
895	893 897 
896	894 898 
897	895 899 
898	896 900 
899	897 901 
900	898 902 
901	899 903 
902	900 904 
903	901 905 
904	902 906 
905	903 907 
906	904 908 
907	905 909 
908	906 910 
909	907 911 
910	908 912 
911	909 913 
912	910 914 
913	911 915 
914	912 916 
915	913 917 
916	914 918 
917	915 919 
918	916 920 
919	917 921 
920	918 922 
921	919 923 
922	920 924 
923	921 925 
924	922 926 
925	923 927 
926	924 928 
927	925 929 
928	926 930 
929	927 931 
930	928 932 
931	929 933 
932	930 934 
933	931 935 
934	932 936 
935	933 937 
936	934 938 
937	935 939 
938	936 940 
939	937 941 
940	938 942 
941	939 943 
942	940 944 
943	941 945 
944	942 946 
945	943 947 
946	944 948 
947	945 949 
948	946 950 
949	947 951 
950	948 952 
951	949 953 
952	950 954 
953	951 955 
954	952 956 
955	953 957 
956	954 958 
957	955 959 
958	956 960 
959	957 961 
960	958 962 
961	959 963 
962	960 964 
963	961 965 
964	962 966 
965	963 967 
966	964 968 
967	965 969 
968	966 970 
969	967 971 
970	968 972 
971	969 973 
972	970 974 
973	971 975 
974	972 976 
975	973 977 
976	974 978 
977	975 979 
978	976 980 
979	977 981 
980	978 982 
981	979 983 
982	980 984 
983	981 985 
984	982 986 
985	983 987 
986	984 988 
987	985 989 
988	986 990 
989	987 991 
990	988 992 
991	989 993 
992	990 994 
993	991 995 
994	992 996 
995	993 997 
996	994 998 
997	995 999 
998	996 0 
999	997 1 
