20 # number of nodes
0	1 2 3 4 5 6 7 8 9 10 11 12 13 14 15 16 17 18 19 
1	0 2 3 4 5 6 7 8 9 10 11 12 13 14 15 16 17 18 
2	0 1 3 4 5 6 7 8 9 10 11 12 13 14 15 16 17
3	0 1 2 4 5 6 7 8 9 10 11 12 13 14 15 16 
4	0 1 2 3 5 6 7 8 9 10 11 12 13 14 15
5	0 1 2 3 4 6 7 8 9 10 11 12 13 14  
6	0 1 2 3 4 5 7 8 9 10 11 12 13  
7	0 1 2 3 4 5 6 8 9 10 11 12  
8	0 1 2 3 4 5 6 7 9 10 11  
9	0 1 2 3 4 5 6 7 8 10  
10	0 1 2 3 4 5 6 7 8 9  
11	0 1 2 3 4 5 6 7 8 
12	0 1 2 3 4 5 6 7  
13	0 1 2 3 4 5 6  
14	0 1 2 3 4 5  
15	0 1 2 3 4  
16	0 1 2 3  
17	0 1 2  
18	0 1 
19	0 
